   0.0000000000000000      -0.56280945546860395     
   6.1382814310491085E-003 -0.55779337968142628     
   1.2276562862098217E-002 -0.55261924290218545     
   1.8414844293147326E-002 -0.54756246164472555     
   2.4553125724196434E-002 -0.54234571588080460     
   3.0691407155245543E-002 -0.53724904812786889     
   3.6829688586294651E-002 -0.53199042119181439     
   4.2967970017343760E-002 -0.52685469510901639     
   4.9106251448392868E-002 -0.52155491781367158     
   5.5244532879441977E-002 -0.51638097090427459     
   6.1382814310491085E-002 -0.51104077666637449     
   6.7521095741540194E-002 -0.50582945594674955     
   7.3659377172589302E-002 -0.50044958035818488     
   7.9797658603638411E-002 -0.49520174256625771     
   8.5935940034687519E-002 -0.48978292292807407     
   9.2074221465736628E-002 -0.48449943476939311     
   9.8212502896785736E-002 -0.47904240958392624     
  0.10435078432783484      -0.47372414802102975     
  0.11048906575888395      -0.46822965643584263     
  0.11662734718993306      -0.46287750902736680     
  0.12276562862098217      -0.45734629022407219     
  0.12890391005203128      -0.45196115552134530     
  0.13504219148308039      -0.44639394804097338     
  0.14118047291412950      -0.44097673605116550     
  0.14731875434517860      -0.43537427704622805     
  0.15345703577622771      -0.42992590977289608     
  0.15959531720727682      -0.42428893417436297     
  0.16573359863832593      -0.41881034624813523     
  0.17187188006937504      -0.41313958583335975     
  0.17801016150042415      -0.40763172524824276     
  0.18414844293147326      -0.40192790759315772     
  0.19028672436252236      -0.39639173656663362     
  0.19642500579357147      -0.39065558386198479     
  0.20256328722462058      -0.38509207984144217     
  0.20870156865566969      -0.37932430754838198     
  0.21483985008671880      -0.37373446439088331     
  0.22097813151776791      -0.36793577970636343     
  0.22711641294881701      -0.36232060906454855     
  0.23325469437986612      -0.35649170915990619     
  0.23939297581091523      -0.35085224211472227     
  0.24553125724196434      -0.34499381210253716     
  0.25166953867301345      -0.33933110109276238     
  0.25780782010406256      -0.33344381166626158     
  0.26394610153511167      -0.32775893277704909     
  0.27008438296616077      -0.32184343745260385     
  0.27622266439720988      -0.31613749314081907     
  0.28236094582825899      -0.31019442501620054     
  0.28849922725930810      -0.30446854737091433     
  0.29463750869035721      -0.29849851528877208     
  0.30077579012140632      -0.29275386995143754     
  0.30691407155245543      -0.28675745392703478     
  0.31305235298350453      -0.28099524483139815     
  0.31919063441455364      -0.27497299056293212     
  0.32532891584560275      -0.26919446570133099     
  0.33146719727665186      -0.26314687792722807     
  0.33760547870770097      -0.25735333641284897     
  0.34374376013875008      -0.25128087080676481     
  0.34988204156979918      -0.24547367158755629     
  0.35602032300084829      -0.23937672478113670     
  0.36215860443189740      -0.23355729747923340     
  0.36829688586294651      -0.22743619466335646     
  0.37443516729399562      -0.22160605317892021     
  0.38057344872504473      -0.21546103253797227     
  0.38671173015609384      -0.20962179228994529     
  0.39285001158714294      -0.20345298524465064     
  0.39898829301819205      -0.19760638525580926     
  0.40512657444924116      -0.19141379108654286     
  0.41126485588029027      -0.18556172260828444     
  0.41740313731133938      -0.17934517543836595     
  0.42354141874238849      -0.17348971953287909     
  0.42967970017343760      -0.16724884476712132     
  0.43581798160448670      -0.16139232235181558     
  0.44195626303553581      -0.15512647832309301     
  0.44809454446658492      -0.14927151784669165     
  0.45423282589763403      -0.14297971635111992     
  0.46037110732868314      -0.13712934686076342     
  0.46650938875973225      -0.13081014301360877     
  0.47264767019078135      -0.12496792445794171     
  0.47878595162183046      -0.11861926115461602     
  0.48492423305287957      -0.11278947025543755     
  0.49106251448392868      -0.10640845436583542     
  0.49720079591497779      -0.10059635457512374     
  0.50333907734602690       -9.4178929461277205E-002
  0.50947735877707601       -8.8391168533528769E-002
  0.51561564020812511       -8.1931630486915694E-002
  0.52175392163917422       -7.6176826115354618E-002
  0.52789220307022333       -6.9667121257998149E-002
  0.53403048450127244       -6.3956685839793082E-002
  0.54016876593232155       -5.7385489120178518E-002
  0.54630704736337066       -5.1734538914382983E-002
  0.55244532879441977       -4.5086671705198589E-002
  0.55858361022546887       -3.9513434093877725E-002
  0.56472189165651798       -3.2773885324501761E-002
  0.57086017308756709       -2.7286081013100340E-002
  0.57699845451861620       -2.0481106445497742E-002
  0.58313673594966531       -1.4951024186517668E-002
  0.58927501738071442       -8.5533338460260788E-003
  0.59541329881176353       -1.2846293891853623E-003
  0.60155158024281263       -1.1630480889775251E-003
  0.60768986167386174        9.0820740474978606E-003
  0.61382814310491085        1.2465484824087303E-002
  0.61996642453595996        2.0577626623205128E-002
  0.62610470596700907        2.5210643341591885E-002
  0.63224298739805818        3.2545601272721998E-002
  0.63838126882910728        3.7690107426436102E-002
  0.64451955026015639        4.4662359668689998E-002
  0.65065783169120550        5.0067929378836092E-002
  0.65679611312225461        5.6835580841420062E-002
  0.66293439455330372        6.2394701357197054E-002
  0.66907267598435283        6.9031311939248399E-002
  0.67521095741540194        7.4689175018583534E-002
  0.68134923884645104        8.1233952648146771E-002
  0.68748752027750015        8.6959004598226003E-002
  0.69362580170854926        9.3434902458120833E-002
  0.69976408313959837        9.9207271779227515E-002
  0.70590236457064748       0.10562864720917513     
  0.71204064600169659       0.11143492300402977     
  0.71817892743274570       0.11781119142994494     
  0.72431720886379480       0.12364180792761591     
  0.73045549029484391       0.12997935354479961     
  0.73659377172589302       0.13582716945703557     
  0.74273205315694213       0.14213041902602727     
  0.74887033458799124       0.14798989454863481     
  0.75500861601904035       0.15426195689350744     
  0.76114689745008945       0.16012865131074552     
  0.76728517888113856       0.16637171673811033     
  0.77342346031218767       0.17224196816340701     
  0.77956174174323678       0.17845756804613441     
  0.78570002317428589       0.18432828170217178     
  0.79183830460533500       0.19051746296071168     
  0.79797658603638411       0.19638596680976184     
  0.80411486746743321       0.20254941262870962     
  0.81025314889848232       0.20841335626783072     
  0.81639143032953143       0.21455147173452277     
  0.82252971176058054       0.22040875392949699     
  0.82866799319162965       0.22652172813635071     
  0.83480627462267876       0.23237044381648025     
  0.84094455605372787       0.23845829577806366     
  0.84708283748477697       0.24429669656413666     
  0.85322111891582608       0.25035930975919612     
  0.85935940034687519       0.25618577409760535     
  0.86549768177792430       0.26222292286017029     
  0.87163596320897341       0.26803593310193363     
  0.87777424464002252       0.27404730306938940     
  0.88391252607107162       0.27984542765341913     
  0.89005080750212073       0.28583063181283702     
  0.89618908893316984       0.29161251125696808     
  0.90232737036421895       0.29757110268478326     
  0.90846565179526806       0.30333543845614525     
  0.91460393322631717       0.30926692054128790     
  0.92074221465736628       0.31501246613084799     
  0.92688049608841538       0.32091630086010581     
  0.93301877751946449       0.32664185456370293     
  0.93915705895051360       0.33251746929845871     
  0.94529534038156271       0.33822186833304668     
  0.95143362181261182       0.34406866139979703     
  0.95757190324366093       0.34975077707397556     
  0.96371018467471004       0.35556812241361463     
  0.96984846610575914       0.36122685613841260     
  0.97598674753680825       0.36701410720189664     
  0.98212502896785736       0.37264838717658305     
  0.98826331039890647       0.37840488021270896     
  0.99440159182995558       0.38401365865704673     
   1.0005398732610047       0.38973871550602324     
   1.0066781546920538       0.39532096633788910     
   1.0128164361231029       0.40101389682046773     
   1.0189547175541520       0.40656861369918362     
   1.0250929989852011       0.41222871767240610     
   1.0312312804162502       0.41775491234388484     
   1.0373695618472993       0.42338148148066351     
   1.0435078432783484       0.42887818237332231     
   1.0496461247093976       0.43447050171161133     
   1.0557844061404467       0.43993675274162686     
   1.0619226875714958       0.44549410204046702     
   1.0680609690025449       0.45092896159282658     
   1.0741992504335940       0.45645061652566365     
   1.0803375318646431       0.46185315658332377     
   1.0864758132956922       0.46733838979352577     
   1.0926140947267413       0.47270769519216843     
   1.0987523761577904       0.47815577723125929     
   1.1048906575888395       0.48349094502083867     
   1.1110289390198886       0.48890114518646266     
   1.1171672204509377       0.49420128408397773     
   1.1233055018819869       0.49957287117192628     
   1.1294437833130360       0.50483710109230184     
   1.1355820647440851       0.51016934407441050     
   1.1417203461751342       0.51539679572870090     
   1.1478586276061833       0.52068896436651457     
   1.1539969090372324       0.52587877891819290     
   1.1601351904682815       0.53113014432103212     
   1.1662734718993306       0.53628147309235907     
   1.1724117533303797       0.54149130822673541     
   1.1785500347614288       0.54660331244908189     
   1.1846883161924779       0.55177089260559398     
   1.1908265976235271       0.55684274320742511     
   1.1969648790545762       0.56196734643051838     
   1.2031031604856253       0.56699822385863141     
   1.2092414419166744       0.57207913134329147     
   1.2153797233477235       0.57706822541323233     
   1.2215180047787726       0.58210472187284501     
   1.2276562862098217       0.58705123164434148     
   1.2337945676408708       0.59204260565268385     
   1.2399328490719199       0.59694573932782113     
   1.2460711305029690       0.60189128363817335     
   1.2522094119340181       0.60675025847890440     
   1.2583476933650672       0.61164927032276561     
   1.2644859747961164       0.61646331258583975     
   1.2706242562271655       0.62131509395335904     
   1.2767625376582146       0.62608343884059403     
   1.2829008190892637       0.63088729674448063     
   1.2890391005203128       0.63560918836639557     
   1.2951773819513619       0.64036443509121244     
   1.3013156633824110       0.64503912644254391     
   1.3074539448134601       0.64974507978061502     
   1.3135922262445092       0.65437183272655264     
   1.3197305076755583       0.65902781620161710     
   1.3258687891066074       0.66360590147329446     
   1.3320070705376565       0.66821124455339631     
   1.3381453519687057       0.67273994175152974     
   1.3442836333997548       0.67729398005180386     
   1.3504219148308039       0.68177257765786303     
   1.3565601962618530       0.68627465313407487     
   1.3626984776929021       0.69070244852782048     
   1.3688367591239512       0.69515190966162865     
   1.3749750405550003       0.69952820914439306     
   1.3811133219860494       0.70392441112092830     
   1.3872516034170985       0.70824852994390086     
   1.3933898848481476       0.71259083482214625     
   1.3995281662791967       0.71686209721923455     
   1.4056664477102458       0.72114987409584852     
   1.4118047291412950       0.72536761332041066     
   1.4179430105723441       0.72960023848742339     
   1.4240812920033932       0.73376379685247484     
   1.4302195734344423       0.73794065394935282     
   1.4363578548654914       0.74204938287083877     
   1.4424961362965405       0.74616986303122168     
   1.4486344177275896       0.75022312307383887     
   1.4547726991586387       0.75428662506727262     
   1.4609109805896878       0.75828378599254986     
   1.4670492620207369       0.76228971636166942     
   1.4731875434517860       0.76623015717828047     
   1.4793258248828351       0.77017793037147708     
   1.4854641063138843       0.77406103938685134     
   1.4916023877449334       0.77795007788696346     
   1.4977406691759825       0.78177525276055204     
   1.5038789506070316       0.78560498720949268     
   1.5100172320380807       0.78937163500722507     
   1.5161555134691298       0.79314150432691899     
   1.5222937949001789       0.79684904157657765     
   1.5284320763312280       0.80055849308639337     
   1.5345703577622771       0.80420634583374484     
   1.5407086391933262       0.80785483536455349     
   1.5468469206243753       0.81144243923014603     
   1.5529852020554245       0.81502943123508986     
   1.5591234834864736       0.81855623147140999     
   1.5652617649175227       0.82208119913360500     
   1.5714000463485718       0.82554665068254107     
   1.5775383277796209       0.82900907601990870     
   1.5836766092106700       0.83241264357033418     
   1.5898148906417191       0.83581201753723922     
   1.5959531720727682       0.83915317558274483     
   1.6020914535038173       0.84248899816923073     
   1.6082297349348664       0.84576723106557505     
   1.6143680163659155       0.84903901139365934     
   1.6205062977969646       0.85225381341606343     
   1.6266445792280138       0.85546106983358106     
   1.6327828606590629       0.85861194523380180     
   1.6389211420901120       0.86175420540552605     
   1.6450594235211611       0.86484066846847130     
   1.6511977049522102       0.86791746946496118     
   1.6573359863832593       0.87093904456483051     
   1.6634742678143084       0.87394993294875434     
   1.6696125492453575       0.87690615460451493     
   1.6757508306764066       0.87985068651465215     
   1.6818891121074557       0.88274109944510415     
   1.6880273935385048       0.88561884067801411     
   1.6941656749695539       0.88844299985596309     
   1.7003039564006031       0.89125352594545437     
   1.7064422378316522       0.89401099665115880     
   1.7125805192627013       0.89675389294542318     
   1.7187188006937504       0.89944425081928225     
   1.7248570821247995       0.90211911255601396     
   1.7309953635558486       0.90474194365028249     
   1.7371336449868977       0.90734837602947738     
   1.7432719264179468       0.90990327685910022     
   1.7494102078489959       0.91244089511387727     
   1.7555484892800450       0.91492747270635899     
   1.7616867707110941       0.91739590217156031     
   1.7678250521421432       0.91981377411578680     
   1.7739633335731924       0.92221265029462185     
   1.7801016150042415       0.92456144478859326     
   1.7862398964352906       0.92689041341716349     
   1.7923781778663397       0.92916976931472495     
   1.7985164592973888       0.93142848642457410     
   1.8046547407284379       0.93363805328082516     
   1.8107930221594870       0.93582618525947125     
   1.8169313035905361       0.93796562337516431     
   1.8230695850215852       0.94008284702472089     
   1.8292078664526343       0.94215182748934012     
   1.8353461478836834       0.94419783008301672     
   1.8414844293147326       0.94619603481666859     
   1.8476227107457817       0.94817051415345865     
   1.8537609921768308       0.95009763594756125     
   1.8598992736078799       0.95200030040485817     
   1.8660375550389290       0.95385604296142279     
   1.8721758364699781       0.95568661154582613     
   1.8783141179010272       0.95747068951539205     
   1.8844523993320763       0.95922889191163163     
   1.8905906807631254       0.96094103093002992     
   1.8967289621941745       0.96262660754778473     
   1.9028672436252236       0.96426654427133807     
   1.9090055250562727       0.96587924629040167     
   1.9151438064873219       0.96744672842982982     
   1.9212820879183710       0.96898631784316203     
   1.9274203693494201       0.97048110419618705     
   1.9335586507804692       0.97194735385125408     
   1.9396969322115183       0.97336921433350798     
   1.9458352136425674       0.97476190797166051     
   1.9519734950736165       0.97611062364643597     
   1.9581117765046656       0.97742955594044856     
   1.9642500579357147       0.97870491904682044     
   1.9703883393667638       0.97994989563654133     
   1.9765266207978129       0.98115170961601617     
   1.9826649022288620       0.98232254714231138     
   1.9888031836599112       0.98345062666393823     
   1.9949414650909603       0.98454715280057348     
   2.0010797465220094       0.98560132378483112     
   2.0072180279530585       0.98662337726854754     
   2.0133563093841076       0.98760347690936701     
   2.0194945908151567       0.98855090756826591     
   2.0256328722462058       0.98945678435370743     
   2.0317711536772549       0.99032945313367571     
   2.0379094351083040       0.99116096686498190     
   2.0440477165393531       0.99195874585432586     
   2.0501859979704022       0.99271576766348790     
   2.0563242794014513       0.99343854011569588     
   2.0624625608325005       0.99412095248148480     
   2.0686008422635496       0.99476861283619766     
   2.0747391236945987       0.99537630959844403     
   2.0808774051256478       0.99594876350069483     
   2.0870156865566969       0.99648164987321042     
   2.0931539679877460       0.99697881419063183     
   2.0992922494187951       0.99743680677240909     
   2.1054305308498442       0.99785860961086204     
   2.1115688122808933       0.99824163639566110     
   2.1177070937119424       0.99858801711293455     
   2.1238453751429915       0.99889601749734103     
   2.1299836565740407       0.99916692671506790     
   2.1361219380050898       0.99939985150489707     
   2.1422602194361389       0.99959525111859149     
   2.1483985008671880       0.99975306253376461     
   2.1545367822982371       0.99987292572119402     
   2.1606750637292862       0.99995559739880568     
   2.1668133451603353       0.99999990862647969     
   2.1729516265913844        1.0000074256223979     
   2.1790899080224335       0.99997618065036831     
   2.1852281894534826       0.99990853943915436     
   2.1913664708845317       0.99980174532373922     
   2.1975047523155808       0.99965895379697789     
   2.2036430337466300       0.99947662889211486     
   2.2097813151776791       0.99925870635495961     
   2.2159195966087282       0.99900088031147882     
   2.2220578780397773       0.99870785747766933     
   2.2281961594708264       0.99837457124093620     
   2.2343344409018755       0.99800649022619758     
   2.2404727223329246       0.99759779603185272     
   2.2466110037639737       0.99715471034559733     
   2.2527492851950228       0.99667067171361423     
   2.2588875666260719       0.99615264624898880     
   2.2650258480571210       0.99559333797593996     
   2.2711641294881701       0.99500044899824081     
   2.2773024109192193       0.99436595714781650     
   2.2834406923502684       0.99369829228124340     
   2.2895789737813175       0.99298871417299572     
   2.2957172552123666       0.99224637238573865     
   2.3018555366434157       0.99146181658209287     
   2.3079938180744648       0.99064490816982165     
   2.3141320995055139       0.98978549446126840     
   2.3202703809365630       0.98889414102889373     
   2.3264086623676121       0.98796000041755161     
   2.3325469437986612       0.98699433485942056     
   2.3386852252297103       0.98598560954073045     
   2.3448235066607594       0.98494577601906208     
   2.3509617880918086       0.98386261936182051     
   2.3571000695228577       0.98274877328367449     
   2.3632383509539068       0.98159134980829710     
   2.3693766323849559       0.98040365780063832     
   2.3755149138160050       0.97917214315579681     
   2.3816531952470541       0.97791078303910228     
   2.3877914766781032       0.97660536397649422     
   2.3939297581091523       0.97527052473669296     
   2.4000680395402014       0.97389139908416511     
   2.4062063209712505       0.97248328084289348     
   2.4123446024022996       0.97103065747587969     
   2.4184828838333488       0.96954947145907844     
   2.4246211652643979       0.96802357027029462     
   2.4307594466954470       0.96646953877527897     
   2.4368977281264961       0.96487059064273217     
   2.4430360095575452       0.96324394700345106     
   2.4491742909885943       0.96157219375676706     
   2.4553125724196434       0.95987318230766383     
   2.4614508538506925       0.95812887669271118     
   2.4675891352817416       0.95635775273070367     
   2.4737274167127907       0.95454115837256437     
   2.4798656981438398       0.95269818811767193     
   2.4860039795748889       0.95080957948187350     
   2.4921422610059381       0.94889504003601344     
   2.4982805424369872       0.94693470238819677     
   2.5044188238680363       0.94494888169245150     
   2.5105571052990854       0.94291711105636555     
   2.5166953867301345       0.94086030784669983     
   2.5228336681611836       0.93875741096038601     
   2.5289719495922327       0.93662993472165867     
   2.5351102310232818       0.93445622899223435     
   2.5412485124543309       0.93225839991072035     
   2.5473867938853800       0.93001421336736967     
   2.5535250753164291       0.92774636228161866     
   2.5596633567474782       0.92543203352697501     
   2.5658016381785274       0.92309450187714726     
   2.5719399196095765       0.92071038003710948     
   2.5780782010406256       0.91830351981269753     
   2.5842164824716747       0.91584996448458145     
   2.5903547639027238       0.91337413817053936     
   2.5964930453337729       0.91085151936969566     
   2.6026313267648220       0.90830709989109837     
   2.6087696081958711       0.90571579799587931     
   2.6149078896269202       0.90310316866100149     
   2.6210461710579693       0.90044357435609212     
   2.6271844524890184       0.89776312879781550     
   2.6333227339200675       0.89503564301618688     
   2.6394610153511167       0.89228778513209139     
   2.6455992967821658       0.88949281899517074     
   2.6517375782132149       0.88667796288596057     
   2.6578758596442640       0.88381593764230348     
   2.6640141410753131       0.88093450754871239     
   2.6701524225063622       0.87800585451127622     
   2.6762907039374113       0.87505828474952452     
   2.6824289853684604       0.87206344523114954     
   2.6885672667995095       0.86905018012681967     
   2.6947055482305586       0.86598960537450931     
   2.7008438296616077       0.86291109919505804     
   2.7069821110926569       0.85978525032234909     
   2.7131203925237060       0.85664196720798980     
   2.7192586739547551       0.85345131512623318     
   2.7253969553858042       0.85024372901942669     
   2.7315352368168533       0.84698875436725229     
   2.7376735182479024       0.84371734894075590     
   2.7438117996789515       0.84039854201221931     
   2.7499500811100006       0.83706381059559876     
   2.7560883625410497       0.83368167126680459     
   2.7622266439720988       0.83028411677167235     
   2.7683649254031479       0.82683915442597011     
   2.7745032068341970       0.82337928926954118     
   2.7806414882652462       0.81987202272124904     
   2.7867797696962953       0.81635036874871814     
   2.7929180511273444       0.81278132616538346     
   2.7990563325583935       0.80919841457078268     
   2.8051946139894426       0.80556813339410682     
   2.8113328954204917       0.80192450463975262     
   2.8174711768515408       0.79823353150504039     
   2.8236094582825899       0.79452973523960024     
   2.8297477397136390       0.79077862589381187     
   2.8358860211446881       0.78701522086910691     
   2.8420243025757372       0.78320454008752527     
   2.8481625840067863       0.77938209407381032     
   2.8543008654378355       0.77551241557539086     
   2.8604391468688846       0.77163150527541913     
   2.8665774282999337       0.76770341163668498     
   2.8727157097309828       0.76376462259836231     
   2.8788539911620319       0.75977870516596346     
   2.8849922725930810       0.75578263169375459     
   2.8911305540241301       0.75173949049587763     
   2.8972688354551792       0.74768673556069765     
   2.9034071168862283       0.74358697921693961     
   2.9095453983172774       0.73947815436510511     
   2.9156836797483265       0.73532239999501392     
   2.9218219611793756       0.73115812525562840     
   2.9279602426104248       0.72694699838620214     
   2.9340985240414739       0.72272790217728999     
   2.9402368054725230       0.71846203664899622     
   2.9463750869035721       0.71418875568252471     
   2.9525133683346212       0.70986879355414112     
   2.9586516497656703       0.70554197273968899     
   2.9647899311967194       0.70116856419180051     
   2.9709282126277685       0.69678885653909584     
   2.9770664940588176       0.69236265977647959     
   2.9832047754898667       0.68793072629655971     
   2.9893430569209158       0.68345240744933355     
   2.9954813383519650       0.67896891705469897     
   3.0016196197830141       0.67443915007814059     
   3.0077579012140632       0.66990477948160565     
   3.0138961826451123       0.66532424605493634     
   3.0200344640761614       0.66073967966737823     
   3.0261727455072105       0.65610906909130950     
   3.0323110269382596       0.65147499891821992     
   3.0384493083693087       0.64679500801131007     
   3.0445875898003578       0.64211213354818886     
   3.0507258712314069       0.63738346654213329     
   3.0568641526624560       0.63265249466889528     
   3.0630024340935051       0.62787586310260157     
   3.0691407155245543       0.62309750797669605     
   3.0752789969556034       0.61827363058940865     
   3.0814172783866525       0.61344861353789659     
   3.0875555598177016       0.60857821616110652     
   3.0936938412487507       0.60370726557174459     
   3.0998321226797998       0.59879108101993994     
   3.1059704041108489       0.59387493223121557     
   3.1121086855418980       0.58891370019176759     
   3.1182469669729471       0.58395309538177764     
   3.1243852484039962       0.57894756230364042     
   3.1305235298350453       0.57394325037805971     
   3.1366618112660944       0.56889416935949644     
   3.1428000926971436       0.56384690583843255     
   3.1489383741281927       0.55875503651377656     
   3.1550766555592418       0.55366558341770999     
   3.1612149369902909       0.54853169184307349     
   3.1673532184213400       0.54340081757781400     
   3.1734914998523891       0.53822567611581296     
   3.1796297812834382       0.53305415535648804     
   3.1857680627144873       0.52783854256002238     
   3.1919063441455364       0.52262715613411648     
   3.1980446255765855       0.51737185662933616     
   3.2041829070076346       0.51212139139881041     
   3.2103211884386837       0.50682719576692081     
   3.2164594698697329       0.50153844450947505     
   3.2225977513007820       0.49620614916782735     
   3.2287360327318311       0.49087991045720197     
   3.2348743141628802       0.48551031753945167     
   3.2410125955939293       0.48014739562490677     
   3.2471508770249784       0.47474131286026960     
   3.2532891584560275       0.46934251754522360     
   3.2594274398870766       0.46390075813691528     
   3.2655657213181257       0.45846690465671952     
   3.2717040027491748       0.45299028715954148     
   3.2778422841802239       0.44752219605848392     
   3.2839805656112731       0.44201154425563005     
   3.2901188470423222       0.43651004126306581     
   3.2962571284733713       0.43096618404213366     
   3.3023954099044204       0.42543209994791581     
   3.3085336913354695       0.41985587117611473     
   3.3146719727665186       0.41429004170522732     
   3.3208102541975677       0.40868228010384466     
   3.3269485356286168       0.40308554579034039     
   3.3330868170596659       0.39744709480846191     
   3.3392250984907150       0.39182030086863745     
   3.3453633799217641       0.38615200855616105     
   3.3515016613528132       0.38049600476102413     
   3.3576399427838624       0.37479872364101879     
   3.3637782242149115       0.36911436418809318     
   3.3699165056459606       0.36338895112838471     
   3.3760547870770097       0.35767709451288215     
   3.3821930685080588       0.35192441059705987     
   3.3883313499391079       0.34618591948233385     
   3.3944696313701570       0.34040682988009163     
   3.4006079128012061       0.33464257096755229     
   3.4067461942322552       0.32883794480437040     
   3.4128844756633043       0.32304878870274195     
   3.4190227570943534       0.31721949892904988     
   3.4251610385254025       0.31140632002302482     
   3.4312993199564517       0.30555324328272093     
   3.4374376013875008       0.29971691960113084     
   3.4435758828185499       0.29384093609956441     
   3.4497141642495990       0.28798234918290927     
   3.4558524456806481       0.28208434255430803     
   3.4619907271116972       0.27620437732182507     
   3.4681290085427463       0.27028523449621783     
   3.4742672899737954       0.26438477911244729     
   3.4804055714048445       0.25844539018205037     
   3.4865438528358936       0.25252533592286341     
   3.4926821342669427       0.24656659400807002     
   3.4988204156979918       0.24062783512625807     
   3.5049586971290410       0.23465063624108101     
   3.5110969785600901       0.22869406983152402     
   3.5172352599911392       0.22269931274861482     
   3.5233735414221883       0.21672583861302147     
   3.5295118228532374       0.21071442472830318     
   3.5356501042842865       0.20472494523949511     
   3.5417883857153356       0.19869777843638176     
   3.5479266671463847       0.19269319840223534     
   3.5540649485774338       0.18665118491547356     
   3.5602032300084829       0.18063241144251987     
   3.5663415114395320       0.17457645972163383     
   3.5724797928705812       0.16854440207827254     
   3.5786180743016303       0.16247542265074297     
   3.5847563557326794       0.15643099213013101     
   3.5908946371637285       0.15034989746421484     
   3.5970329185947776       0.14429400724691435     
   3.6031712000258267       0.13820171161414191     
   3.6093094814568758       0.13213527663041924     
   3.6154477628879249       0.12603269596788466     
   3.6215860443189740       0.11995663275976698     
   3.6277243257500231       0.11384468453212047     
   3.6338626071810722       0.10775991111524531     
   3.6400008886121213       0.10163951417643338     
   3.6461391700431705        9.5546949901653230E-002
   3.6522774514742196        8.9419024356494112E-002
   3.6584157329052687        8.3319589771270741E-002
   3.6645540143363178        7.7185056836809901E-002
   3.6706922957673669        7.1079673546457528E-002
   3.6768305771984160        6.4939455413159222E-002
   3.6829688586294651        5.8829045941913766E-002
   3.6891071400605142        5.2684065634695812E-002
   3.6952454214915633        4.6569553286667412E-002
   3.7013837029226124        4.0420734525811422E-002
   3.7075219843536615        3.4303043245804861E-002
   3.7136602657847106        2.8151310307761128E-002
   3.7197985472157598        2.2031364542009858E-002
   3.7259368286468089        1.5877642120110915E-002
   3.7320751100778580        9.7563666769393854E-003
   3.7382133915089071        3.6015797420487763E-003
   3.7443516729399562       -2.5201003475130682E-003
   3.7504899543710053       -8.6750266863996374E-003
   3.7566282358020544       -1.4796186308038741E-002
   3.7627665172331035       -2.0950326943212885E-002
   3.7689047986641526       -2.7070041038759620E-002
   3.7750430800952017       -3.3222471003223224E-002
   3.7811813615262508       -3.9339814710071731E-002
   3.7873196429572999       -4.5489609316943957E-002
   3.7934579243883491       -5.1603658107431519E-002
   3.7995962058193982       -5.7749893089316079E-002
   3.8057344872504473       -6.3859722910059688E-002
   3.8118727686814964       -7.0001474558351956E-002
   3.8180110501125455       -7.6106161969489730E-002
   3.8241493315435946       -8.2242507273605811E-002
   3.8302876129746437       -8.8341129587977463E-002
   3.8364258944056928       -9.4471146374472903E-002
   3.8425641758367419      -0.10056278179664169     
   3.8487024572677910      -0.10668554886822475     
   3.8548407386988401      -0.11276927663339160     
   3.8609790201298892      -0.11888387390776672     
   3.8671173015609384      -0.12495877442052059     
   3.8732555829919875      -0.13106428306909126     
   3.8793938644230366      -0.13712943804197106     
   3.8855321458540857      -0.14322494062834137     
   3.8916704272851348      -0.14927943322019901     
   3.8978087087161839      -0.15536401383849743     
   3.9039469901472330      -0.16140692879263219     
   3.9100852715782821      -0.16747967320555768     
   3.9162235530093312      -0.17351009698764550     
   3.9223618344403803      -0.17957009276430205     
   3.9285001158714294      -0.18558711370001704     
   3.9346383973024786      -0.19163345035347312     
   3.9407766787335277      -0.19763615876585597     
   3.9469149601645768      -0.20366792789041449     
   3.9530532415956259      -0.20965541623690004     
   3.9591915230266750      -0.21567171164505622     
   3.9653298044577241      -0.22164307465420990     
   3.9714680858887732      -0.22764299251329287     
   3.9776063673198223      -0.23359732732119379     
   3.9837446487508714      -0.23957996628960887     
   3.9898829301819205      -0.24551637257586931     
   3.9960212116129696      -0.25148083393903348     
   4.0021594930440187      -0.25739841406240699     
   4.0082977744750679      -0.26334380186823436     
   4.0144360559061170      -0.26924166100185754     
   4.0205743373371661      -0.27516708219589087     
   4.0267126187682152      -0.28104432846204996     
   4.0328509001992643      -0.28694889302210302     
   4.0389891816303134      -0.29280463762659248     
   4.0451274630613625      -0.29868745869696239     
   4.0512657444924116      -0.30452081606295428     
   4.0574040259234607      -0.31038101008817087     
   4.0635423073545098      -0.31619109798960299     
   4.0696805887855589      -0.32202778484768646     
   4.0758188702166080      -0.32781372454211855     
   4.0819571516476572      -0.33362602767730115     
   4.0880954330787063      -0.33938694403829373     
   4.0942337145097554      -0.34517399059318726     
   4.1003719959408045      -0.35090901224209842     
   4.1065102773718536      -0.35666993318937512     
   4.1126485588029027      -0.36237819262657633     
   4.1187868402339518      -0.36811212290005035     
   4.1249251216650009      -0.37379275663555994     
   4.1310634030960500      -0.37949883526064121     
   4.1372016845270991      -0.38515098394415753     
   4.1433399659581482      -0.39082835416774009     
   4.1494782473891973      -0.39645116271807346     
   4.1556165288202465      -0.40209897213773954     
   4.1617548102512956      -0.40769158987155046     
   4.1678930916823447      -0.41330899056419307     
   4.1740313731133938      -0.41887057132407041     
   4.1801696545444429      -0.42445671997379153     
   4.1863079359754920      -0.42998642225565120     
   4.1924462174065411      -0.43554048028097703     
   4.1985844988375902      -0.44103746736081895     
   4.2047227802686393      -0.44655860104119954     
   4.2108610616996884      -0.45202204110100791     
   4.2169993431307375      -0.45750942170264486     
   4.2231376245617867      -0.46293848795564896     
   4.2292759059928358      -0.46839129185649236     
   4.2354141874238849      -0.47378516267165799     
   4.2415524688549340      -0.47920257148569900     
   4.2476907502859831      -0.48456043051133746     
   4.2538290317170322      -0.48994163121212853     
   4.2599673131480813      -0.49526266749885450     
   4.2661055945791304      -0.50060685254210879     
   4.2722438760101795      -0.50589026066489318     
   4.2783821574412286      -0.51119662811044209     
   4.2845204388722777      -0.51644160828977093     
   4.2906587203033268      -0.52170936192257122     
   4.2967970017343760      -0.52691512014487896     
   4.3029352831654251      -0.53214346959515113     
   4.3090735645964742      -0.53730921773232942     
   4.3152118460275233      -0.54249737859480940     
   4.3213501274585724      -0.54762233452275910     
   4.3274884088896215      -0.55276952847524230     
   4.3336266903206706      -0.55785291619159660     
   4.3397649717517197      -0.56295837111226177     
   4.3459032531827688      -0.56799942085315747     
   4.3520415346138179      -0.57306237093720114     
   4.3581798160448670      -0.57806031929309332     
   4.3643180974759161      -0.58308000516835445     
   4.3704563789069653      -0.58803409519886440     
   4.3765946603380144      -0.59300976404042693     
   4.3827329417690635      -0.59791924538821484     
   4.3888712232001126      -0.60285015103217265     
   4.3950095046311617      -0.60771428003579442     
   4.4011477860622108      -0.61259968309177337     
   4.4072860674932599      -0.61741772289762042     
   4.4134243489243090      -0.62225689086054603     
   4.4195626303553581      -0.62702811153358151     
   4.4257009117864072      -0.63182031889427603     
   4.4318391932174563      -0.63654399752787694     
   4.4379774746485054      -0.64128852588260088     
   4.4441157560795546      -0.64596394670722967     
   4.4502540375106037      -0.65066008486627092     
   4.4563923189416528      -0.65528653935712522     
   4.4625306003727019      -0.65993358345218722     
   4.4686688818037510      -0.66451037043572425     
   4.4748071632348001      -0.66910762402619861     
   4.4809454446658492      -0.67363404978560526     
   4.4870837260968983      -0.67818082396389312     
   4.4932220075279474      -0.68265620234329893     
   4.4993602889589965      -0.68715181583884555     
   4.5054985703900456      -0.69157546834653094     
   4.5116368518210948      -0.69601924762881817     
   4.5177751332521439      -0.70039050353907240     
   4.5239134146831930      -0.70478178291940541     
   4.5300516961142421      -0.70909997937349289     
   4.5361899775452912      -0.71343810110559680     
   4.5423282589763403      -0.71770258321115965     
   4.5484665404073894      -0.72198689759065449     
   4.5546048218384385      -0.72619701852035079     
   4.5607431032694876      -0.73042688398285460     
   4.5668813847005367      -0.73458200507135829     
   4.5730196661315858      -0.73875678828964930     
   4.5791579475626349      -0.74285627912960994     
   4.5852962289936841      -0.74697535510934066     
   4.5914345104247332      -0.75101859364611112     
   4.5975727918557823      -0.75508134582031960     
   4.6037110732868314      -0.75906771844527743     
   4.6098493547178805      -0.76307353876772144     
   4.6159876361489296      -0.76700244041048571     
   4.6221259175799787      -0.77095072944751597     
   4.6282641990110278      -0.77482156366680688     
   4.6344024804420769      -0.77871173068818367     
   4.6405407618731260      -0.78252390976120778     
   4.6466790433041751      -0.78635537282947465     
   4.6528173247352242      -0.79010831784023949     
   4.6589556061662734      -0.79388050389878106     
   4.6650938875973225      -0.79757364482492843     
   4.6712321690283716      -0.80128598978478027     
   4.6773704504594207      -0.80491876558307607     
   4.6835087318904698      -0.80857071440830797     
   4.6896470133215189      -0.81214257309878579     
   4.6957852947525680      -0.81573357989055972     
   4.7019235761836171      -0.81924397863931686     
   4.7080618576146662      -0.82277350671866456     
   4.7142001390457153      -0.82622191191922645     
   4.7203384204767644      -0.82968943390826932     
   4.7264767019078135      -0.83307532126152528     
   4.7326149833388627      -0.83648031916352217     
   4.7387532647699118      -0.83980317375630931     
   4.7448915462009609      -0.84314513903409860     
   4.7510298276320100      -0.84640445541637954     
   4.7571681090630591      -0.84968288906952405     
   4.7633063904941082      -0.85287817133003474     
   4.7694446719251573      -0.85609258397055654     
   4.7755829533562064      -0.85922334581101700     
   4.7817212347872555      -0.86237325773761087     
   4.7878595162183046      -0.86543902254552862     
   4.7939977976493537      -0.86852396381646879     
   4.8001360790804029      -0.87152426473646361     
   4.8062743605114520      -0.87454377524082827     
   4.8124126419425011      -0.87747815524445705     
   4.8185509233735502      -0.88043178477214168     
   4.8246892048045993      -0.88329979672614567     
   4.8308274862356484      -0.88618710503622133     
   4.8369657676666975      -0.88898831176939386     
   4.8431040490977466      -0.89180886865707476     
   4.8492423305287957      -0.89454284302561116     
   4.8553806119598448      -0.89729622838764378     
   4.8615188933908939      -0.89996255333875164     
   4.8676571748219430      -0.90264835723746129     
   4.8737954562529922      -0.90524662587171612     
   4.8799337376840413      -0.90786444859727200     
   4.8860720191150904      -0.91039426422927727     
   4.8922103005461395      -0.91294371636070049     
   4.8983485819771886      -0.91540469257816803     
   4.9044868634082377      -0.91788539504261601     
   4.9106251448392868      -0.92027715576399016     
   4.9167634262703359      -0.92268873989467171     
   4.9229017077013850      -0.92501091942498637     
   4.9290399891324341      -0.92735302701740585     
   4.9351782705634832      -0.92960527010278804     
   4.9413165519945323      -0.93187755346938106     
   4.9474548334255815      -0.93405951534978049     
   4.9535931148566306      -0.93626163737321766     
   4.9597313962876797      -0.93837298383367640     
   4.9658696777187288      -0.94050461801829321     
   4.9720079591497779      -0.94254502543842600     
   4.9781462405808270      -0.94460585596039615     
   4.9842845220118761      -0.94657501136234234     
   4.9904228034429252      -0.94856473311804668     
   4.9965610848739743      -0.95046233421288961     
   5.0026993663050234      -0.95238065286566953     
   5.0088376477360725      -0.95420640809806800     
   5.0149759291671216      -0.95605304012356440     
   5.0211142105981708      -0.95780666871482045     
   5.0272524920292199      -0.95958134144458995     
   5.0333907734602690      -0.96126257343403609     
   5.0395290548913181      -0.96296502509756587     
   5.0456673363223672      -0.96457360138225445     
   5.0518056177534163      -0.96620358114738281     
   5.0579438991844654      -0.96773925352024937     
   5.0640821806155145      -0.96929652153198220     
   5.0702204620465636      -0.97075905271816487     
   5.0763587434776127      -0.97224338013582767     
   5.0824970249086618      -0.97363254382742292     
   5.0886353063397110      -0.97504371286025204     
   5.0947735877707601      -0.97635929374930885     
   5.1009118692018092      -0.97769709769032154     
   5.1070501506328583      -0.97893889150017233     
   5.1131884320639074      -0.98020313475848686     
   5.1193267134949565      -0.98137094827349514     
   5.1254649949260056      -0.98256144640493537     
   5.1316032763570547      -0.98365509749827118     
   5.1377415577881038      -0.98477167723444459     
   5.1438798392191529      -0.98579099489437594     
   5.1500181206502020      -0.98683349416995336     
   5.1561564020812511      -0.98777831852441034     
   5.1622946835123003      -0.98874658650287228     
   5.1684329649433494      -0.98961676884215632     
   5.1745712463743985      -0.99051066593986636     
   5.1807095278054476      -0.99130606873775451     
   5.1868478092364967      -0.99212546664630330     
   5.1929860906675458      -0.99284596357934418     
   5.1991243720985949      -0.99359074528644109     
   5.2052626535296440      -0.99423622125157829     
   5.2114009349606931      -0.99490628105999768     
   5.2175392163917422      -0.99547663219039662     
   5.2236774978227913      -0.99607187573560452     
   5.2298157792538404      -0.99656700941473686     
   5.2359540606848896      -0.99708735368051704     
   5.2420923421159387      -0.99750718855467224     
   5.2482306235469878      -0.99795256188731285     
   5.2543689049780369      -0.99829702787596020     
   5.2605071864090860      -0.99866736999684202     
   5.2666454678401351      -0.99893640830165409     
   5.2727837492711842      -0.99923167031796944     
   5.2789220307022333      -0.99942523342981993     
   5.2850603121332824      -0.99964537784380036     
   5.2911985935643315      -0.99976342954816411     
   5.2973368749953806      -0.99990843026454013     
   5.3034751564264297      -0.99995094564496401     
   5.3096134378574789       -1.0000207879769332     
   5.3157517192885280      -0.99998775341689616     
   5.3218900007195771      -0.99998243409026355     
   5.3280282821506262      -0.99987384727308026     
   5.3341665635816753      -0.99979337442891314     
   5.3403048450127244      -0.99960924433602805     
   5.3464431264437735      -0.99945363753154726     
   5.3525814078748226      -0.99919398443896168     
   5.3587196893058717      -0.99896327464686441     
   5.3648579707369208      -0.99862813011976381     
   5.3709962521679699      -0.99832235972586103     
   5.3771345335990191      -0.99791176661153103     
   5.3832728150300682      -0.99753098941077412     
   5.3894110964611173      -0.99704500182971134     
   5.3955493778921664      -0.99658928302057503     
   5.4016876593232155      -0.99602796635564217     
   5.4078259407542646      -0.99549738253305875     
   5.4139642221853137      -0.99486081341704991     
   5.4201025036163628      -0.99425545256336068     
   5.4262407850474119      -0.99354371886471304     
   5.4323790664784610      -0.99286368033937344     
   5.4385173479095101      -0.99207688114598380     
   5.4446556293405592      -0.99132227567351128     
   5.4507939107716084      -0.99046052127484319     
   5.4569321922026575      -0.98963147093112214     
   5.4630704736337066      -0.98869488279844309     
   5.4692087550647557      -0.98779152099554890     
   5.4753470364958048      -0.98678023176045426     
   5.4814853179268539      -0.98580270322979835     
   5.4876235993579030      -0.98471685666081665     
   5.4937618807889521      -0.98366531743483421     
   5.4999001622200012      -0.98250506841216989     
   5.5060384436510503      -0.98137968580439161     
   5.5121767250820994      -0.98014520029303753     
   5.5183150065131485      -0.97894615287652675     
   5.5244532879441977      -0.97763760789738741     
   5.5305915693752468      -0.97636508548180101     
   5.5367298508062959      -0.97498266908105213     
   5.5428681322373450      -0.97363687268808352     
   5.5490064136683941      -0.97218078390460905     
   5.5551446950994432      -0.97076192574195275     
   5.5612829765304923      -0.96923237457306732     
   5.5674212579615414      -0.96774067800677932     
   5.5735595393925905      -0.96613788537214274     
   5.5796978208236396      -0.96457358489769629     
   5.5858361022546887      -0.96289778260112979     
   5.5919743836857378      -0.96126112381281836     
   5.5981126651167870      -0.95951255450257844     
   5.6042509465478361      -0.95780379406158977     
   5.6103892279788852      -0.95598271118853850     
   5.6165275094099343      -0.95420211678955513     
   5.6226657908409834      -0.95230878456363266     
   5.6288040722720325      -0.95045663490001175     
   5.6349423537030816      -0.94849132824472515     
   5.6410806351341307      -0.94656791297219312     
   5.6472189165651798      -0.94453091747732298     
   5.6533571979962289      -0.94253653717650021     
   5.6594954794272780      -0.94042814904878858     
   5.6656337608583272      -0.93836311518613047     
   5.6717720422893763      -0.93618364119824971     
   5.6779103237204254      -0.93404827608573304     
   5.6840486051514745      -0.93179803352319335     
   5.6901868865825236      -0.92959267027677428     
   5.6963251680135727      -0.92727198688294388     
   5.7024634494446218      -0.92499696937963627     
   5.7086017308756709      -0.92260618329895738     
   5.7147400123067200      -0.92026186613263838     
   5.7208782937377691      -0.91780132585172058     
   5.7270165751688182      -0.91538807428777558     
   5.7331548565998673      -0.91285813857466203     
   5.7392931380309165      -0.91037632850336814     
   5.7454314194619656      -0.90777736634479989     
   5.7515697008930147      -0.90522738423357474     
   5.7577079823240638      -0.90255977477020088     
   5.7638462637551129      -0.89994201761481263     
   5.7699845451861620      -0.89720615007448223     
   5.7761228266172111      -0.89452102534890865     
   5.7822611080482602      -0.89171729897794028     
   5.7883993894793093      -0.88896522458340588     
   5.7945376709103584      -0.88609404857573482     
   5.8006759523414075      -0.88327545278868647     
   5.8068142337724566      -0.88033724621288612     
   5.8129525152035058      -0.87745256763198354     
   5.8190907966345549      -0.87444775935640284     
   5.8252290780656040      -0.87149744684853347     
   5.8313673594966531      -0.86842647546409391     
   5.8375056409277022      -0.86541098810954942     
   5.8436439223587513      -0.86227430185040765     
   5.8497822037898004      -0.85919410888738024     
   5.8559204852208495      -0.85599216554951074     
   5.8620587666518986      -0.85284774631753402     
   5.8681970480829477      -0.84958101317492674     
   5.8743353295139968      -0.84637285705802290     
   5.8804736109450459      -0.84304181077661045     
   5.8866118923760951      -0.83977041714543266     
   5.8927501738071442      -0.83637554369480460     
   5.8988884552381933      -0.83304142184845553     
   5.9050267366692424      -0.82958321641102351     
   5.9111650181002915      -0.82618688551840036     
   5.9173032995313406      -0.82266585239617185     
   5.9234415809623897      -0.81920784143677683     
   5.9295798623934388      -0.81562449395569492     
   5.9357181438244879      -0.81210534166028103     
   5.9418564252555370      -0.80846020207184333     
   5.9479947066865861      -0.80488045686285403     
   5.9541329881176353      -0.80117405624311600     
   5.9602712695486844      -0.79753427617495143     
   5.9664095509797335      -0.79376715432087963     
   5.9725478324107826      -0.79006790702028484     
   5.9786861138418317      -0.78624061234300568     
   5.9848243952728808      -0.78248247494961221     
   5.9909626767039299      -0.77859556436495125     
   5.9971009581349790      -0.77477912347205524     
   6.0032392395660281      -0.77083316228790011     
   6.0093775209970772      -0.76695901388363530     
   6.0155158024281263      -0.76295457568412450     
   6.0216540838591754      -0.75902332509335935     
   6.0277923652902246      -0.75496099161965269     
   6.0339306467212737      -0.75097325344668753     
   6.0400689281523228      -0.74685361447418852     
   6.0462072095833719      -0.74281001254635359     
   6.0523454910144210      -0.73863366575840650     
   6.0584837724454701      -0.73453483307077683     
   6.0646220538765192      -0.73030238392840763     
   6.0707603353075683      -0.72614896259011241     
   6.0768986167386174      -0.72186102419757825     
   6.0830368981696665      -0.71765366537972808     
   6.0891751796007156      -0.71331085834578567     
   6.0953134610317647      -0.70905022223137681     
   6.1014517424628139      -0.70465317452597653     
   6.1075900238938630      -0.70033993026204566     
   6.1137283053249121      -0.69588927706794290     
   6.1198665867559612      -0.69152410272047971     
   6.1260048681870103      -0.68702048627978896     
   6.1321431496180594      -0.68260406879151514     
   6.1382814310491085      -0.67804813824652033     
   6.1444197124801576      -0.67358117339816548     
   6.1505579939112067      -0.66897358462607404     
   6.1566962753422558      -0.66445677700171879     
   6.1628345567733049      -0.65979819244281479     
   6.1689728382043540      -0.65523225539956276     
   6.1751111196354032      -0.65052334387843169     
   6.1812494010664523      -0.64590899952103875     
   6.1873876824975014      -0.64115043606021671     
   6.1935259639285505      -0.63648841522168065     
   6.1996642453595996      -0.63168088084657137     
   6.2058025267906487      -0.62697192307499683     
   6.2119408082216978      -0.62211610461021405     
   6.2180790896527469      -0.61736095816300618     
   6.2242173710837960      -0.61245754801843588     
   6.2303556525148451      -0.60765696986475248     
   6.2364939339458942      -0.60270666581081700     
   6.2426322153769433      -0.59786142164337186     
   6.2487704968079925      -0.59286492657432610     
   6.2549087782390416      -0.58797579083153351     
   6.2610470596700907      -0.58293381251547360     
   6.2671853411011398      -0.57800156841561545     
   6.2733236225321889      -0.57291481922983145     
   6.2794619039632380      -0.56794025881849886     
